2	7	3
3
4	20	100	10
640
4	1	273	6	(220,15),(239,14),(264,16),(461,20),(653,14),(901,15)
10	2	195	1	(111,6)
11	3	56	4	(41,12),(79,14),(108,14),(126,17)
14	4	42	3	(2,14),(19,10),(30,14)
15	5	98	1	(51,12)
17	6	143	6	(72,10),(90,8),(91,15),(226,5),(288,10),(428,12)
21	7	219	5	(80,11),(232,12),(320,5),(480,20),(570,11)
25	8	158	1	(46,12)
30	9	230	1	(107,20)
30	10	257	5	(0,6),(9,9),(83,5),(209,7),(376,11)
30	11	21	0	
34	12	48	10	(30,12),(33,12),(49,15),(52,9),(82,8),(126,14),(129,9),(135,16),(162,16),(165,17)
60	23	190	2	(7,14),(147,9)
60	24	271	10	(170,15),(317,8),(567,10),(693,15),(926,10),(1119,14),(1228,17),(1367,6),(1412,7),(1484,5)
65	25	201	5	(26,13),(122,16),(229,5),(423,17),(443,6)
71	26	133	4	(49,10),(59,17),(175,15),(202,12)
74	27	101	5	(51,18),(89,7),(141,13),(166,12),(262,20)
79	28	32	1	(17,9)
83	29	201	1	(180,19)
85	30	86	8	(57,12),(100,15),(146,17),(158,9),(158,11),(231,10),(238,20),(279,7)
88	31	241	1	(190,13)
91	32	208	0	
98	33	244	4	(142,7),(241,16),(302,8),(344,14)
105	34	31	0	
106	35	203	0	
107	36	101	10	(41,19),(47,19),(144,19),(197,13),(255,13),(264,8),(275,6),(366,9),(461,18),(535,9)
112	37	262	0	
118	38	95	9	(62,5),(157,18),(227,20),(271,15),(328,13),(421,14),(496,5),(540,9),(594,20)
125	39	181	6	(75,17),(85,9),(214,12),(215,6),(273,16),(323,9)
130	40	251	3	(228,19),(425,14),(601,5)
135	41	260	1	(50,6)
135	42	87	3	(23,11),(63,18),(76,7)
141	43	46	8	(27,18),(54,18),(79,5),(82,16),(110,5),(151,13),(152,18),(171,8)
145	44	66	7	(28,15),(33,20),(61,18),(80,8),(113,15),(158,14),(172,19)
150	45	135	10	(4,6),(36,17),(75,6),(96,8),(142,18),(270,8),(400,9),(510,12),(540,7),(637,16)
156	46	22	1	(20,15)
156	47	114	5	(114,15),(195,8),(217,20),(244,17),(261,7)
159	48	197	10	(11,14),(41,10),(138,14),(232,20),(292,18),(353,16),(436,18),(436,19),(603,12),(750,18)
161	49	80	1	(31,14)
163	50	260	8	(13,17),(250,18),(283,15),(514,14),(640,17),(655,9),(675,18),(773,11)
168	51	172	5	(151,5),(268,20),(309,10),(371,5),(428,20)
171	52	118	5	(22,17),(129,9),(160,10),(275,10),(377,12)
177	53	108	7	(89,18),(175,14),(266,18),(366,9),(439,9),(461,10),(480,12)
184	54	246	4	(80,8),(148,20),(276,6),(349,20)
186	55	229	2	(184,11),(186,9)
191	56	158	7	(132,17),(262,11),(286,13),(376,14),(441,19),(477,7),(520,11)
191	57	181	3	(98,5),(179,20),(253,12)
197	58	10	5	(5,17),(10,14),(16,16),(23,16),(25,5)
197	59	211	0	
202	60	79	8	(75,17),(108,11),(121,19),(191,16),(270,17),(345,18),(415,16),(469,10)
207	61	149	3	(136,10),(179,5),(191,17)
212	62	58	0	
214	63	204	8	(50,20),(80,14),(201,16),(344,12),(501,11),(619,18),(648,11),(657,13)
216	64	67	5	(31,15),(46,7),(76,18),(82,5),(147,15)
219	65	167	10	(162,20),(248,7),(294,9),(300,12),(316,15),(482,10),(542,18),(707,11),(761,19),(895,5)
226	66	90	7	(12,9),(69,12),(82,19),(163,11),(229,13),(297,12),(370,19)
230	67	98	10	(75,14),(154,14),(158,16),(215,7),(237,12),(322,8),(409,14),(472,14),(518,20),(533,16)
232	68	204	8	(68,6),(223,16),(308,5),(448,5),(479,14),(661,6),(704,18),(769,7)
232	69	67	6	(26,14),(71,7),(97,14),(111,9),(160,10),(182,10)
237	70	206	6	(64,7),(165,12),(365,11),(375,12),(472,13),(564,14)
244	71	142	2	(80,20),(163,15)
246	72	165	3	(13,18),(17,19),(76,9)
249	73	14	5	(12,8),(20,12),(24,13),(30,15),(44,15)
249	74	164	2	(93,12),(246,7)
254	75	175	3	(24,5),(29,19),(179,5)
256	76	199	6	(1,10),(34,11),(88,7),(171,5),(198,17),(266,9)
259	77	249	6	(142,8),(192,11),(424,10),(521,19),(698,19),(743,5)
260	78	120	8	(4,6),(26,6),(123,6),(166,5),(260,19),(373,20),(480,16),(524,11)
265	79	289	2	(123,18),(368,13)
265	80	185	0	
267	81	78	8	(33,14),(67,19),(138,9),(146,7),(190,18),(235,14),(309,10),(349,10)
267	82	51	6	(22,16),(61,14),(102,6),(102,8),(149,12),(164,13)
272	83	280	8	(178,9),(186,13),(220,8),(320,9),(434,9),(585,18),(778,17),(931,10)
277	84	105	8	(46,13),(138,12),(212,20),(245,11),(298,10),(346,20),(397,14),(429,9)
284	85	256	8	(79,9),(132,10),(382,14),(540,8),(655,13),(699,10),(852,9),(1028,16)
285	86	258	7	(128,19),(222,14),(350,15),(577,5),(744,16),(990,11),(1009,14)
287	87	225	4	(176,6),(242,9),(349,8),(412,10)
291	88	138	2	(68,10),(82,18)
293	89	178	7	(127,19),(234,15),(402,14),(533,15),(576,14),(686,14),(856,14)
299	90	216	8	(92,9),(145,16),(282,6),(453,14),(657,10),(750,15),(928,17),(1050,16)
306	91	145	8	(119,11),(149,5),(224,14),(369,11),(469,10),(514,10),(563,12),(569,15)
306	92	230	4	(59,11),(107,5),(284,9),(312,14)
307	93	165	10	(41,16),(151,9),(243,13),(302,19),(341,11),(414,12),(489,8),(493,19),(573,15),(618,19)
312	94	298	2	(167,9),(167,7)
319	95	141	9	(123,8),(135,6),(240,18),(306,9),(407,11),(477,6),(550,12),(689,8),(804,14)
320	96	40	7	(28,19),(61,17),(99,7),(108,11),(126,8),(150,17),(172,19)
326	97	19	10	(4,16),(12,6),(22,9),(40,16),(57,18),(58,14),(66,9),(79,11),(84,15),(95,15)
332	98	111	5	(10,14),(53,6),(78,15),(141,13),(242,12)
333	99	118	6	(1,7),(96,7),(162,5),(272,12),(281,5),(373,11)
337	100	115	2	(97,20),(177,9)
342	101	62	5	(20,10),(31,9),(50,10),(92,19),(109,7)
342	102	227	9	(103,19),(164,20),(326,5),(401,8),(441,20),(567,6),(730,14),(779,17),(958,6)
346	103	218	4	(79,5),(272,6),(326,19),(517,16)
351	104	86	0	
358	105	51	0	
359	106	250	1	(229,7)
359	107	229	5	(18,17),(30,15),(182,6),(349,12),(512,11)
360	108	222	4	(86,10),(160,6),(188,5),(274,16)
365	109	167	9	(48,18),(113,16),(116,18),(235,6),(383,10),(540,7),(618,5),(728,5),(770,20)
367	110	228	1	(65,18)
373	111	14	7	(8,15),(8,5),(15,9),(23,8),(26,6),(36,17),(42,7)
373	112	198	4	(172,19),(254,5),(401,10),(562,9)
380	113	118	10	(30,19),(72,12),(102,12),(121,19),(169,6),(259,11),(357,19),(381,5),(423,20),(455,18)
384	114	51	10	(13,15),(24,18),(25,17),(64,14),(76,15),(119,20),(161,6),(203,7),(241,19),(278,17)
391	115	99	10	(13,11),(101,8),(158,8),(231,11),(265,12),(300,5),(382,15),(456,16),(485,15),(582,15)
391	116	290	7	(240,8),(422,16),(486,18),(547,6),(589,18),(644,7),(695,15)
397	117	195	0	
402	118	73	2	(57,17),(89,14)
403	119	279	3	(218,10),(439,20),(458,9)
403	120	73	3	(64,11),(113,15),(114,6)
407	121	100	10	(75,16),(170,10),(244,19),(280,14),(296,12),(350,16),(410,12),(422,15),(424,8),(430,15)
407	122	69	0	
409	123	102	2	(88,13),(126,14)
415	124	290	10	(49,13),(112,13),(131,10),(189,13),(227,10),(336,10),(457,5),(692,17),(964,10),(1201,19)
421	125	110	8	(15,18),(56,8),(116,13),(128,14),(229,20),(247,16),(264,8),(333,18)
424	126	83	7	(7,5),(71,19),(123,7),(194,17),(234,6),(241,6),(300,6)
429	127	30	6	(16,14),(44,10),(73,14),(83,13),(101,14),(114,17)
430	128	43	4	(13,19),(56,20),(87,9),(110,13)
437	129	147	3	(38,9),(117,17),(212,5)
438	130	255	4	(214,12),(406,16),(491,18),(635,13)
439	131	206	7	(166,11),(358,9),(507,8),(592,19),(704,14),(758,11),(865,6)
444	132	62	3	(35,5),(36,7),(76,19)
444	133	164	5	(21,17),(173,16),(185,9),(299,11),(401,6)
445	134	241	4	(206,13),(286,9),(486,7),(697,8)
450	135	136	4	(136,19),(206,12),(308,9),(363,11)
453	136	209	0	
453	137	81	10	(22,20),(77,18),(88,19),(99,15),(111,7),(146,18),(196,5),(266,13),(284,19),(324,20)
460	138	93	4	(42,8),(102,20),(159,17),(247,5)
461	139	149	0	
461	140	195	8	(94,11),(108,10),(209,7),(387,15),(428,13),(562,19),(751,10),(896,12)
462	141	241	4	(200,17),(419,7),(446,16),(532,8)
465	142	258	7	(233,11),(393,13),(630,20),(792,17),(988,8),(1217,13),(1239,20)
472	143	11	5	(6,11),(17,16),(22,18),(24,20),(28,17)
473	144	106	10	(95,10),(113,10),(208,5),(212,15),(255,11),(346,5),(447,8),(530,12),(580,15),(597,5)
476	145	251	2	(10,5),(112,14)
479	146	81	5	(70,6),(110,14),(123,6),(125,12),(165,17)
481	147	161	1	(43,7)
486	148	243	8	(165,15),(346,16),(409,15),(637,8),(666,11),(902,8),(981,9),(1098,18)
491	149	22	6	(7,11),(16,7),(28,11),(34,20),(51,12),(51,8)
491	150	179	9	(10,19),(154,20),(297,15),(307,11),(378,10),(481,12),(541,8),(698,13),(852,13)
497	151	248	8	(111,9),(273,19),(437,13),(489,13),(676,7),(803,18),(859,8),(1078,13)
499	152	276	6	(138,19),(225,10),(434,10),(506,11),(524,13),(524,10)
501	153	230	8	(76,10),(243,8),(263,8),(394,11),(409,7),(612,7),(702,18),(707,12)
507	154	63	3	(29,6),(47,18),(100,20)
512	155	202	3	(127,5),(227,16),(261,9)
517	156	70	6	(25,13),(87,17),(100,18),(136,9),(164,15),(165,9)
524	157	112	4	(112,7),(177,5),(263,20),(360,8)
528	158	197	9	(176,8),(268,6),(319,7),(398,8),(411,9),(476,19),(588,20),(718,7),(729,11)
535	159	29	1	(26,8)
535	160	136	9	(116,9),(192,16),(193,15),(316,5),(399,6),(509,7),(533,10),(666,20),(706,14)
541	161	70	9	(68,20),(99,12),(151,16),(196,14),(266,10),(317,18),(340,9),(349,15),(389,13)
544	162	24	5	(1,12),(7,12),(12,11),(20,17),(32,5)
545	163	222	2	(76,8),(139,8)
545	164	289	3	(151,14),(354,14),(581,15)
551	165	272	7	(1,8),(30,11),(148,16),(367,7),(479,8),(504,20),(529,9)
557	166	202	6	(159,10),(180,10),(212,17),(308,19),(503,17),(625,20)
562	167	44	5	(8,8),(39,9),(57,18),(101,7),(104,8)
564	168	16	8	(3,19),(8,13),(20,11),(34,13),(44,7),(58,9),(59,12),(66,16)
571	169	199	9	(26,13),(76,14),(78,8),(140,9),(245,16),(312,10),(485,8),(672,9),(806,17)
575	170	270	10	(173,10),(426,15),(663,11),(915,12),(1059,7),(1122,5),(1348,11),(1497,8),(1758,8),(1940,11)
576	171	192	6	(187,7),(377,11),(504,14),(561,18),(666,20),(756,5)
582	172	204	3	(155,6),(328,6),(412,14)
587	173	31	10	(21,8),(48,11),(61,12),(92,20),(104,12),(108,16),(139,16),(170,9),(184,16),(184,12)
589	174	73	5	(15,11),(23,15),(75,9),(100,18),(134,5)
594	175	197	8	(182,10),(234,15),(377,15),(565,16),(684,20),(869,14),(896,15),(1082,16)
594	176	253	10	(191,8),(349,17),(465,6),(528,16),(546,17),(761,6),(939,7),(1023,8),(1216,13),(1418,12)
594	177	206	2	(175,19),(354,18)
600	178	215	5	(59,15),(113,15),(156,15),(262,20),(349,17)
601	179	84	9	(71,6),(82,20),(83,18),(117,10),(138,19),(202,6),(225,10),(241,18),(242,9)
605	180	60	3	(40,5),(83,8),(133,7)
605	181	179	9	(171,10),(318,6),(330,10),(452,19),(614,10),(654,20),(721,14),(796,14),(846,8)
605	182	19	10	(10,20),(17,17),(19,12),(21,5),(21,10),(22,7),(32,18),(51,19),(55,13),(66,7)
611	183	263	2	(197,16),(250,5)
613	184	162	1	(132,13)
618	185	10	10	(5,12),(5,7),(7,5),(8,7),(9,7),(17,19),(21,8),(28,20),(28,8),(32,6)
621	186	84	8	(67,17),(93,10),(110,16),(188,19),(216,11),(224,19),(261,14),(305,11)
621	187	26	4	(24,11),(49,10),(69,9),(82,15)
622	188	273	2	(209,10),(212,12)
628	189	97	9	(72,12),(135,20),(182,12),(188,7),(203,12),(225,13),(231,11),(303,13),(342,7)
631	190	143	6	(113,19),(167,6),(191,11),(197,9),(328,7),(376,18)
631	191	275	1	(89,17)
636	192	132	9	(122,8),(236,19),(308,16),(395,10),(449,12),(451,5),(477,20),(527,18),(649,13)
636	193	238	6	(1,20),(122,8),(242,8),(368,9),(513,13),(619,10)
640	194	295	1	(32,6)
646	195	88	8	(5,6),(38,5),(72,13),(150,16),(208,12),(253,5),(331,9),(342,6)
649	196	300	4	(153,6),(221,18),(507,11),(535,14)
656	197	103	1	(88,11)
660	198	16	7	(9,20),(12,16),(28,13),(33,7),(43,10),(50,16),(63,17)
663	199	173	4	(15,6),(76,13),(163,20),(314,11)
670	200	20	8	(13,11),(21,14),(23,6),(25,11),(32,8),(32,10),(43,17),(56,10)
670	201	275	10	(131,11),(169,7),(392,8),(462,9),(687,10),(886,13),(949,12),(1092,16),(1137,10),(1169,16)
676	202	103	5	(40,19),(62,16),(90,12),(179,11),(236,12)
677	203	283	9	(237,12),(331,20),(371,16),(612,13),(729,18),(772,18),(1018,9),(1090,5),(1355,13)
680	204	265	2	(196,10),(448,5)
685	205	277	10	(56,9),(304,5),(397,6),(633,9),(871,6),(878,19),(953,17),(1172,15),(1217,19),(1312,9)
688	206	153	4	(117,16),(226,13),(284,14),(431,9)
694	207	36	10	(18,12),(31,9),(63,20),(98,13),(133,17),(159,13),(159,12),(171,11),(188,12),(206,8)
698	208	265	1	(64,17)
704	209	246	3	(196,20),(408,16),(532,7)
705	210	22	6	(16,7),(19,10),(24,18),(26,12),(48,18),(53,6)
705	211	144	8	(111,5),(174,10),(240,7),(298,8),(332,7),(348,19),(432,11),(442,17)
710	212	186	5	(114,7),(208,5),(225,12),(302,16),(381,14)
711	213	32	8	(31,16),(34,17),(43,7),(64,17),(94,20),(104,7),(117,19),(144,19)
712	214	118	10	(86,9),(126,6),(197,20),(300,12),(387,11),(463,7),(473,20),(564,8),(594,9),(699,11)
713	215	300	2	(177,14),(382,17)
714	216	127	0	
720	217	63	7	(6,11),(46,16),(50,14),(52,18),(90,7),(108,12),(113,15)
726	218	19	10	(7,16),(25,6),(30,9),(37,9),(43,8),(52,9),(70,17),(81,15),(91,9),(91,17)
726	219	154	0	
732	220	67	9	(30,5),(40,10),(87,17),(153,17),(187,10),(192,6),(236,8),(269,12),(309,9)
734	221	31	9	(31,8),(48,8),(57,7),(87,6),(95,12),(120,17),(137,17),(160,20),(180,5)
734	222	151	10	(96,11),(223,9),(230,16),(342,13),(420,14),(421,14),(482,6),(490,11),(517,5),(666,8)
737	223	86	7	(70,15),(118,12),(125,13),(158,5),(220,8),(222,11),(278,19)
742	224	34	6	(22,7),(49,6),(78,9),(80,5),(110,13),(125,5)
743	225	76	5	(42,6),(97,20),(157,10),(221,20),(243,7)
745	226	103	3	(79,10),(179,9),(198,14)
750	227	215	10	(91,20),(295,17),(298,10),(321,14),(512,18),(637,14),(849,10),(969,10),(1138,12),(1316,5)
755	228	81	7	(25,7),(64,12),(94,13),(169,18),(170,8),(224,11),(233,17)
762	229	167	4	(97,16),(147,5),(183,19),(245,14)
766	230	267	6	(116,13),(312,18),(409,6),(500,18),(535,12),(592,12)
772	231	28	0	
774	232	294	3	(233,13),(386,5),(561,17)
775	233	89	0	
779	234	111	7	(3,9),(91,7),(165,13),(225,14),(281,20),(332,16),(374,19)
779	235	55	2	(16,17),(64,15)
781	236	68	7	(2,15),(13,9),(67,9),(93,10),(106,17),(159,10),(196,6)
783	237	135	0	
790	238	269	1	(148,5)
792	239	203	5	(81,10),(168,6),(176,10),(285,9),(469,8)
794	240	34	10	(27,20),(58,7),(59,12),(67,5),(67,19),(75,14),(88,6),(105,9),(128,13),(158,18)
800	241	158	2	(7,9),(12,5)
807	242	277	2	(7,8),(275,20)
811	243	248	1	(81,11)
817	244	148	9	(16,18),(120,18),(124,8),(157,18),(244,13),(378,10),(493,8),(515,14),(603,8)
821	245	78	5	(62,11),(115,12),(139,13),(141,9),(144,8)
826	246	137	4	(39,19),(168,13),(282,16),(385,6)
829	247	214	8	(144,7),(267,9),(314,5),(512,5),(625,14),(752,20),(851,8),(927,9)
832	248	53	3	(22,5),(33,13),(64,14)
837	249	255	6	(242,19),(410,10),(593,12),(647,11),(772,17),(794,5)
839	250	15	6	(10,9),(13,16),(14,6),(29,8),(36,18),(38,10)
839	251	205	0	
842	252	122	0	
849	253	55	4	(46,15),(76,20),(82,15),(124,7)
855	254	287	3	(200,9),(248,16),(455,11)
856	255	93	4	(21,17),(59,19),(78,16),(147,10)
863	256	136	0	
863	257	110	3	(54,15),(140,5),(242,10)
864	258	275	8	(239,17),(489,12),(610,10),(713,11),(795,14),(872,17),(925,19),(1101,11)
869	259	282	5	(196,7),(253,10),(404,8),(503,10),(633,19)
870	260	172	4	(87,15),(174,7),(304,13),(389,5)
870	261	109	9	(44,15),(50,15),(151,10),(168,20),(244,5),(350,11),(426,16),(513,15),(556,9)
875	262	14	3	(13,10),(21,18),(30,18)
875	263	23	0	
879	264	28	10	(25,10),(38,12),(61,5),(73,10),(89,18),(93,6),(107,9),(113,5),(130,12),(153,19)
879	265	275	6	(197,11),(286,6),(553,20),(696,11),(959,19),(1079,5)
879	266	92	1	(33,9)
885	267	145	7	(131,18),(247,20),(262,6),(350,7),(373,13),(516,19),(573,9)
887	268	21	3	(18,8),(36,10),(49,8)
894	269	164	4	(122,8),(267,10),(367,12),(528,7)
899	270	214	5	(1,16),(187,14),(363,17),(450,17),(616,5)
900	271	192	4	(23,16),(40,20),(169,13),(304,14)
902	272	245	0	
908	273	21	5	(21,18),(42,15),(43,14),(47,7),(48,9)
915	274	286	10	(182,18),(409,20),(556,9),(721,11),(911,6),(1095,14),(1367,10),(1437,20),(1464,11),(1747,7)
920	275	196	5	(195,14),(293,5),(385,10),(564,18),(693,12)
921	276	46	6	(7,8),(22,16),(26,5),(61,12),(83,11),(83,19)
926	277	222	6	(211,6),(343,15),(389,7),(558,19),(665,15),(793,13)
926	278	285	2	(87,12),(241,9)
927	279	11	3	(0,13),(7,6),(18,7)
930	280	13	6	(10,13),(10,14),(17,7),(17,17),(21,12),(21,10)
934	281	171	5	(37,10),(205,17),(262,19),(262,5),(269,10)
938	282	110	3	(50,14),(105,17),(115,11)
944	283	86	7	(60,5),(121,11),(151,11),(161,14),(185,13),(225,8),(257,13)
947	284	23	7	(1,18),(18,11),(20,10),(25,8),(34,8),(34,6),(51,5)
954	285	256	1	(86,7)
954	286	138	2	(81,12),(165,15)
961	287	150	0	
965	288	61	3	(51,9),(101,7),(155,19)
967	289	26	9	(21,5),(22,20),(46,9),(64,10),(81,5),(97,6),(102,8),(125,9),(151,18)
971	290	163	3	(127,8),(285,11),(447,9)
978	291	150	9	(12,6),(81,17),(153,6),(292,10),(394,12),(512,11),(544,11),(576,8),(629,17)
985	292	115	9	(32,17),(118,12),(121,20),(134,5),(220,7),(289,18),(338,19),(441,11),(500,7)
992	293	72	2	(8,5),(67,19)
995	294	28	8	(24,14),(44,9),(67,20),(68,6),(90,13),(112,11),(122,9),(144,20)
1002	295	266	6	(65,17),(129,12),(384,7),(398,16),(599,13),(621,17)
1003	296	120	9	(58,15),(118,15),(217,15),(268,14),(307,12),(368,10),(398,9),(426,16),(439,16)
1003	297	187	3	(150,7),(252,5),(425,13)
1010	298	86	1	(27,12)
1010	299	179	4	(117,17),(221,10),(236,18),(393,18)
1011	300	85	10	(6,6),(55,8),(108,13),(145,10),(165,14),(218,17),(291,7),(299,6),(371,17),(381,15)
1016	301	13	4	(11,10),(16,19),(22,19),(31,15)
1019	302	290	7	(124,5),(274,8),(427,18),(641,16),(786,10),(970,8),(1050,15)
1025	303	70	6	(39,13),(42,19),(52,13),(113,13),(148,10),(195,17)
1029	304	28	6	(16,8),(26,16),(47,14),(51,12),(55,20),(73,9)
1032	305	31	4	(22,16),(40,15),(70,10),(74,11)
1036	306	224	8	(172,18),(191,9),(414,8),(417,13),(567,8),(616,6),(630,13),(685,16)
1036	307	126	5	(42,20),(62,20),(66,11),(86,9),(197,17)
1037	308	188	10	(172,12),(281,5),(347,13),(429,14),(578,14),(579,15),(622,12),(693,20),(843,15),(968,7)
1044	309	214	9	(67,18),(223,5),(386,12),(552,14),(552,9),(711,20),(724,7),(856,11),(925,15)
1048	310	274	0	
1050	311	38	9	(32,16),(66,19),(70,17),(80,12),(93,12),(107,14),(144,18),(172,8),(198,7)
1053	312	137	5	(96,9),(112,5),(156,16),(291,18),(394,18)
1058	313	107	4	(31,11),(31,7),(113,10),(124,15)
1060	314	62	7	(26,19),(63,10),(123,17),(175,8),(215,14),(228,17),(275,9)
1060	315	282	6	(93,12),(308,8),(394,17),(493,6),(773,5),(977,18)
1062	316	115	8	(67,19),(163,15),(266,10),(274,19),(330,16),(412,7),(463,17),(550,16)
1069	317	221	6	(182,12),(249,12),(255,17),(370,8),(516,13),(519,9)
1075	318	225	5	(141,14),(238,11),(334,14),(541,12),(689,14)
1076	319	54	6	(21,7),(22,16),(51,5),(62,20),(83,15),(114,7)
1082	320	171	8	(150,15),(279,6),(321,8),(360,20),(520,15),(620,14),(668,7),(748,12)
1082	321	188	10	(111,20),(289,16),(451,10),(566,11),(616,5),(780,17),(961,20),(996,12),(1163,15),(1289,15)
1083	322	33	4	(17,12),(42,8),(66,10),(76,19)
1090	323	112	1	(85,8)
1095	324	249	0	
1097	325	238	10	(212,12),(431,20),(509,14),(702,6),(720,10),(830,18),(869,19),(1069,7),(1081,17),(1139,7)
1104	326	204	8	(160,12),(345,15),(349,5),(515,14),(640,17),(807,5),(915,10),(938,5)
1110	327	279	8	(198,5),(384,8),(560,14),(811,14),(885,15),(958,12),(1053,18),(1149,14)
1114	328	178	4	(132,8),(310,20),(419,7),(572,16)
1117	329	161	9	(120,16),(154,5),(217,15),(328,9),(428,11),(570,7),(610,15),(707,17),(760,14)
1123	330	211	2	(74,12),(149,18)
1130	331	261	8	(180,14),(205,12),(365,5),(410,9),(499,11),(576,15),(685,16),(871,15)
1134	332	174	3	(38,8),(98,19),(122,5)
1138	333	71	0	
1138	334	185	5	(84,7),(114,15),(250,5),(309,16),(331,15)
1139	335	267	2	(243,18),(402,6)
1143	336	69	0	
1149	337	127	10	(32,11),(147,16),(176,20),(273,6),(372,19),(423,6),(488,12),(501,8),(508,18),(567,12)
1152	338	142	3	(135,13),(229,7),(314,16)
1155	339	16	4	(2,10),(10,7),(13,15),(16,14)
1159	340	117	5	(81,11),(173,8),(279,10),(351,7),(427,15)
1161	341	80	6	(48,16),(92,19),(96,9),(112,19),(130,11),(142,9)
1162	342	65	8	(48,8),(79,19),(92,6),(156,13),(167,16),(186,11),(186,17),(227,14)
1162	343	97	6	(92,10),(156,11),(209,16),(271,15),(351,10),(391,14)
1168	344	243	5	(181,14),(251,5),(433,8),(570,9),(762,8)
1169	345	289	10	(73,20),(324,16),(549,17),(725,11),(862,12),(873,11),(990,18),(1059,6),(1122,8),(1283,6)
1172	346	296	4	(75,11),(268,13),(317,5),(358,20)
1172	347	247	7	(11,11),(134,20),(313,10),(382,11),(595,6),(728,19),(745,13)
1174	348	211	3	(116,12),(158,9),(163,11)
1175	349	174	2	(69,14),(127,19)
1176	350	274	9	(52,19),(264,8),(354,16),(458,18),(538,11),(695,10),(833,15),(967,10),(1122,7)
1177	351	142	0	
1184	352	62	7	(49,10),(100,15),(149,16),(205,11),(252,7),(292,11),(330,14)
1189	353	265	0	
1193	354	129	3	(59,10),(88,14),(89,5)
1195	355	298	9	(217,12),(493,19),(737,7),(815,7),(836,11),(850,18),(1138,17),(1360,5),(1452,5)
1197	356	229	6	(32,18),(61,15),(207,12),(356,9),(461,20),(652,10)
1200	357	251	7	(115,20),(139,12),(363,20),(596,17),(653,17),(795,5),(817,17)
1201	358	79	4	(68,18),(110,13),(144,6),(173,7)
1202	359	167	0	
1208	360	17	6	(1,15),(7,12),(16,14),(24,13),(32,19),(46,8)
1215	361	87	5	(26,13),(74,9),(80,5),(92,13),(154,7)
1221	362	111	7	(79,7),(188,13),(275,8),(380,5),(390,15),(433,14),(484,10)
1228	363	31	1	(12,13)
1230	364	181	10	(104,13),(132,11),(179,7),(248,18),(338,18),(509,16),(648,17),(779,16),(932,17),(1027,5)
1232	365	103	6	(23,19),(30,19),(57,19),(78,8),(158,7),(162,6)
1237	366	158	2	(148,12),(240,8)
1244	367	205	0	
1250	368	64	0	
1255	369	123	1	(109,13)
1260	370	127	7	(3,8),(7,18),(95,7),(210,13),(258,16),(313,12),(401,11)
1266	371	15	9	(13,6),(20,11),(20,16),(23,18),(37,10),(48,5),(48,5),(51,20),(57,19)
1269	372	171	6	(27,13),(54,15),(212,11),(278,15),(384,13),(477,17)
1275	373	62	3	(39,16),(63,13),(121,20)
1282	374	146	5	(120,6),(188,20),(235,10),(288,14),(413,20)
1289	375	16	9	(3,19),(5,10),(8,20),(19,9),(19,9),(19,15),(27,15),(38,6),(40,18)
1293	376	242	4	(216,6),(326,5),(494,6),(517,7)
1294	377	174	3	(52,15),(196,9),(211,16)
1294	378	44	7	(26,15),(39,7),(76,14),(105,12),(118,19),(153,10),(195,5)
1300	379	266	6	(175,5),(375,8),(444,16),(678,11),(914,19),(1108,16)
1307	380	170	4	(3,6),(88,13),(168,19),(175,6)
1312	381	203	5	(27,19),(69,13),(214,13),(241,6),(310,17)
1312	382	41	10	(19,14),(46,11),(66,12),(85,17),(95,8),(114,10),(119,5),(150,7),(167,19),(173,8)
1318	383	19	10	(18,13),(27,10),(28,7),(29,7),(33,8),(47,12),(51,13),(64,8),(78,17),(79,13)
1318	384	170	1	(72,19)
1319	385	49	0	
1324	386	283	10	(44,6),(134,14),(256,15),(517,8),(667,7),(943,6),(1090,7),(1154,20),(1415,7),(1642,17)
1324	387	84	2	(4,15),(54,19)
1328	388	17	4	(8,12),(10,9),(11,9),(18,8)
1332	389	297	8	(57,20),(82,15),(143,7),(313,16),(551,17),(569,14),(614,10),(689,11)
1339	390	284	8	(284,10),(300,19),(345,10),(585,11),(816,20),(1014,9),(1274,5),(1556,11)
1341	391	80	10	(10,7),(29,18),(32,10),(41,12),(54,17),(87,13),(109,16),(151,13),(153,20),(157,10)
1341	392	287	8	(248,9),(406,19),(592,5),(643,10),(910,7),(1135,18),(1319,12),(1333,8)
1341	393	272	2	(174,8),(244,17)
1341	394	43	1	(17,15)
1347	395	196	5	(66,10),(120,10),(309,16),(455,13),(504,15)
1354	396	134	4	(123,17),(216,11),(269,16),(317,19)
1359	397	280	2	(144,11),(195,16)
1364	398	207	2	(169,8),(355,6)
1365	399	12	10	(4,18),(14,15),(23,11),(25,11),(31,11),(34,12),(43,20),(45,8),(55,8),(66,9)
1370	400	274	7	(192,16),(352,19),(361,13),(574,18),(730,10),(825,5),(898,19)
1376	401	19	9	(15,19),(24,6),(29,10),(38,5),(50,12),(50,8),(67,14),(69,13),(74,7)
1377	402	266	10	(103,10),(159,8),(196,12),(240,17),(343,19),(599,16),(682,7),(721,20),(870,14),(916,16)
1377	403	188	7	(6,15),(42,18),(133,19),(148,15),(285,8),(368,14),(492,17)
1380	404	62	3	(25,10),(59,5),(84,20)
1383	405	105	1	(67,19)
1385	406	269	2	(205,11),(435,6)
1389	407	125	2	(44,19),(128,11)
1393	408	99	7	(72,16),(123,13),(197,7),(231,8),(284,5),(355,11),(413,8)
1398	409	231	4	(66,14),(280,20),(283,5),(339,17)
1403	410	273	3	(51,9),(63,8),(64,5)
1408	411	248	0	
1412	412	249	0	
1412	413	139	5	(87,11),(89,16),(137,6),(189,7),(199,11)
1415	414	276	4	(88,6),(169,19),(265,7),(495,7)
1417	415	253	0	
1424	416	175	9	(28,8),(139,12),(313,9),(353,8),(466,19),(555,13),(577,18),(580,18),(603,8)
1430	417	162	9	(119,9),(231,15),(354,11),(499,10),(532,20),(636,14),(740,12),(880,10),(1007,18)
1431	418	244	4	(181,13),(400,7),(508,12),(563,6)
1436	419	92	2	(61,13),(133,9)
1440	420	243	5	(47,20),(174,18),(414,8),(419,8),(647,15)
1444	421	251	0	
1451	422	290	2	(19,20),(172,18)
1458	423	204	10	(12,6),(165,13),(358,16),(467,17),(537,5),(593,9),(770,19),(944,6),(972,7),(1171,16)
1463	424	185	4	(173,9),(217,9),(298,20),(385,13)
1463	425	207	6	(154,6),(158,18),(268,14),(329,8),(362,16),(529,10)
1468	426	195	2	(177,17),(326,17)
1473	427	101	4	(48,19),(93,12),(130,16),(137,18)
1474	428	28	7	(10,12),(22,6),(50,7),(51,14),(77,16),(87,7),(91,17)
1479	429	169	1	(56,7)
1482	430	122	6	(45,20),(93,15),(128,6),(189,10),(209,11),(288,15)
1487	431	181	2	(180,7),(227,17)
1490	432	92	10	(28,20),(45,12),(68,10),(78,16),(143,20),(162,13),(216,17),(273,19),(336,18),(341,8)
1493	433	110	0	
1494	434	224	7	(65,9),(174,7),(265,6),(285,18),(326,7),(545,12),(662,5)
1496	435	231	5	(53,5),(74,20),(159,9),(177,17),(227,14)
1498	436	219	3	(187,12),(251,13),(258,5)
1498	437	237	3	(135,11),(203,15),(294,19)
1500	438	235	0	
1506	439	214	5	(87,7),(156,17),(360,17),(410,18),(547,14)
1508	440	219	9	(103,6),(128,20),(311,7),(344,15),(383,6),(454,7),(574,13),(672,18),(755,12)
1515	441	88	6	(19,5),(46,12),(115,18),(130,9),(208,18),(217,14)
1519	442	43	5	(2,8),(20,18),(50,10),(71,6),(101,9)
1519	443	236	3	(184,16),(253,19),(481,12)
1524	444	62	1	(29,9)
1529	445	98	8	(11,16),(99,17),(177,8),(241,19),(254,19),(346,11),(442,15),(474,15)
1534	446	234	9	(67,8),(77,10),(184,10),(326,10),(546,10),(666,8),(743,18),(858,16),(1044,7)
1537	447	272	10	(157,6),(196,17),(264,14),(370,20),(418,13),(463,10),(477,8),(522,10),(565,19),(603,11)
1541	448	199	1	(139,6)
1548	449	115	2	(97,15),(102,7)
1553	450	81	4	(74,18),(110,16),(154,13),(155,6)
1558	451	200	2	(185,18),(252,18)
1559	452	268	6	(184,13),(230,13),(405,13),(485,16),(496,14),(562,7)
1561	453	281	4	(267,12),(478,12),(742,6),(796,16)
1562	454	291	1	(11,10)
1565	455	229	0	
1569	456	209	7	(70,7),(158,11),(252,11),(378,13),(475,19),(559,17),(730,5)
1572	457	183	5	(38,15),(135,12),(283,18),(309,13),(418,10)
1579	458	22	3	(6,11),(25,19),(40,15)
1583	459	27	3	(6,11),(31,12),(33,14)
1590	460	224	6	(87,15),(120,14),(155,11),(262,16),(384,6),(551,5)
1591	461	97	8	(32,16),(41,9),(103,6),(170,16),(267,10),(293,8),(353,6),(428,10)
1591	462	245	2	(162,16),(269,13)
1597	463	106	9	(32,11),(117,17),(177,11),(201,20),(211,10),(237,11),(246,19),(279,11),(339,13)
1598	464	122	5	(96,5),(128,15),(182,14),(205,14),(303,8)
1598	465	240	2	(2,15),(79,15)
1604	466	73	9	(59,20),(130,9),(180,8),(236,18),(242,11),(250,8),(285,16),(354,16),(389,14)
1608	467	144	7	(133,5),(214,15),(265,16),(290,10),(391,13),(487,12),(600,14)
1614	468	113	7	(35,10),(130,10),(151,20),(160,20),(171,14),(254,15),(328,11)
1617	469	25	1	(17,14)
1623	470	156	3	(82,9),(199,10),(230,10)
1628	471	220	10	(143,8),(260,11),(356,18),(388,18),(437,13),(459,8),(502,20),(718,11),(738,18),(739,16)
1629	472	258	10	(121,11),(126,11),(160,15),(271,14),(469,7),(486,5),(615,10),(701,7),(782,7),(980,10)
1632	473	194	8	(172,8),(226,18),(287,13),(376,14),(523,13),(624,7),(753,16),(868,17)
1636	474	188	6	(142,20),(267,8),(423,13),(491,9),(617,20),(642,11)
1637	475	44	4	(11,17),(47,5),(82,7),(87,20)
1644	476	33	6	(22,17),(24,16),(25,12),(45,12),(66,15),(96,19)
1648	477	241	7	(224,5),(397,13),(571,13),(619,14),(661,5),(852,5),(872,14)
1653	478	289	1	(111,18)
1660	479	114	0	
1661	480	253	9	(171,17),(236,17),(326,14),(548,15),(583,5),(793,7),(1018,9),(1174,15),(1200,11)
1665	481	175	6	(46,18),(196,16),(350,7),(413,6),(526,20),(558,8)
1665	482	187	4	(90,15),(268,13),(358,17),(385,18)
1665	483	83	3	(47,19),(84,20),(165,17)
1669	484	161	4	(84,12),(125,12),(126,10),(229,9)
1673	485	170	10	(166,16),(184,8),(249,13),(335,14),(461,19),(486,11),(569,16),(658,5),(814,19),(828,7)
1680	486	228	7	(48,10),(86,13),(240,10),(455,13),(676,11),(767,14),(984,20)
1686	487	290	10	(128,15),(291,16),(539,6),(668,16),(668,20),(716,13),(722,10),(746,10),(814,11),(1015,9)
1690	488	75	9	(30,19),(68,7),(115,14),(139,19),(172,13),(244,15),(286,17),(316,17),(376,9)
1692	489	213	9	(19,11),(223,16),(367,19),(563,5),(572,20),(606,14),(792,10),(982,9),(1067,16)
1697	490	177	4	(24,6),(45,14),(124,8),(267,10)
1699	491	222	2	(93,18),(153,5)
1702	492	88	10	(68,10),(103,17),(132,7),(133,9),(221,8),(308,6),(327,15),(349,19),(408,11),(461,12)
1702	493	147	7	(81,13),(147,5),(187,13),(299,8),(370,13),(399,15),(491,13)
1705	494	218	9	(64,8),(96,10),(190,19),(395,19),(445,19),(590,19),(648,15),(735,11),(947,14)
1706	495	60	4	(40,15),(95,11),(154,18),(163,9)
1713	496	110	7	(75,19),(145,18),(214,16),(241,10),(264,16),(362,14),(372,7)
1717	497	234	1	(175,9)
1723	498	30	6	(28,9),(54,19),(77,5),(96,16),(98,6),(125,17)
1725	499	276	5	(231,13),(368,19),(615,18),(817,12),(894,10)
1725	500	147	5	(77,20),(111,20),(222,13),(318,10),(344,7)
1729	501	296	9	(202,20),(370,20),(525,15),(734,13),(963,9),(1199,12),(1469,6),(1763,8),(2002,18)
1732	502	202	8	(192,19),(205,8),(242,6),(267,11),(455,7),(564,10),(728,7),(925,19)
1737	503	117	9	(10,17),(105,16),(161,7),(272,11),(310,7),(359,15),(468,11),(519,5),(593,12)
1744	504	62	10	(41,10),(59,19),(88,11),(103,10),(120,19),(142,11),(149,12),(163,7),(204,10),(222,9)
1747	505	111	1	(20,13)
1749	506	139	8	(26,8),(68,5),(207,17),(339,6),(366,12),(501,5),(534,6),(579,19)
1752	507	213	0	
1756	508	241	8	(65,10),(253,5),(369,16),(458,6),(509,15),(538,12),(553,13),(590,14)
1757	509	56	10	(12,16),(46,12),(54,18),(101,19),(107,9),(141,16),(148,9),(177,6),(184,15),(221,15)
1760	510	197	5	(49,10),(222,17),(267,12),(420,17),(512,18)
1767	511	172	9	(13,10),(57,10),(208,19),(223,15),(322,20),(388,13),(428,6),(540,19),(584,19)
1774	512	248	10	(239,16),(278,17),(320,8),(515,19),(645,17),(814,13),(1008,9),(1046,20),(1271,9),(1389,14)
1777	513	78	4	(30,5),(37,8),(89,6),(137,13)
1777	514	190	6	(52,7),(146,5),(263,5),(391,14),(488,18),(569,14)
1783	515	133	6	(118,7),(220,16),(330,5),(415,9),(481,13),(604,14)
1786	516	194	0	
1788	517	81	8	(11,15),(79,5),(121,7),(157,14),(235,7),(311,12),(340,20),(392,13)
1788	518	10	9	(10,13),(10,6),(15,11),(22,9),(24,7),(30,7),(39,20),(39,16),(44,9)
1788	519	56	5	(30,6),(52,9),(66,6),(96,8),(148,14)
1790	520	255	5	(203,11),(250,12),(354,5),(463,5),(474,17)
1796	521	181	9	(35,12),(163,16),(175,5),(293,6),(369,9),(417,16),(472,15),(648,14),(713,14)
1801	522	253	5	(250,19),(265,5),(497,13),(723,19),(899,20)
1807	523	165	8	(17,14),(29,19),(53,9),(168,16),(265,6),(410,19),(478,10),(498,5)
1808	524	55	1	(34,7)
1810	525	247	3	(139,10),(152,17),(385,12)
1815	526	291	9	(62,8),(346,10),(471,19),(683,16),(820,14),(1074,19),(1250,5),(1331,8),(1466,15)
1822	527	181	5	(94,8),(161,16),(175,10),(267,7),(268,6)
1825	528	80	4	(7,7),(41,20),(116,20),(180,12)
1829	529	243	4	(214,8),(270,16),(362,14),(464,12)
1833	530	193	9	(40,6),(112,6),(256,9),(300,6),(434,6),(504,8),(647,6),(708,19),(868,9)
1833	531	123	4	(22,9),(107,5),(172,6),(271,20)
1838	532	14	6	(9,6),(22,15),(26,17),(40,15),(54,11),(55,11)
1843	533	242	4	(179,19),(328,8),(394,10),(406,10)
1844	534	277	7	(66,17),(167,17),(272,11),(502,20),(515,16),(701,15),(932,17)
1851	535	80	8	(19,11),(89,6),(100,9),(170,15),(198,9),(277,17),(331,11),(345,7)
1853	536	248	10	(51,9),(120,8),(194,9),(321,14),(514,20),(758,18),(925,18),(939,10),(1181,12),(1305,6)
1859	537	156	6	(107,19),(164,17),(268,20),(285,13),(307,18),(356,11)
1865	538	299	9	(281,20),(525,8),(785,6),(973,19),(1085,7),(1342,13),(1436,17),(1583,5),(1694,11)
1868	539	148	6	(26,7),(174,8),(231,18),(279,20),(394,20),(397,12)
1875	540	212	6	(51,10),(148,6),(350,11),(352,7),(365,14),(552,20)
1877	541	27	9	(27,19),(49,11),(54,6),(55,15),(81,17),(101,15),(101,13),(114,20),(137,15)
1877	542	184	1	(74,12)
1882	543	30	2	(1,14),(5,8)
1889	544	280	1	(73,5)
1895	545	201	10	(57,19),(159,16),(313,16),(427,16),(544,18),(579,7),(587,19),(718,20),(880,17),(1068,19)
1896	546	222	5	(70,18),(249,16),(355,9),(422,19),(492,14)
1900	547	227	7	(168,19),(265,12),(326,15),(485,17),(670,14),(778,12),(828,5)
1904	548	280	10	(130,15),(298,16),(444,10),(511,12),(648,17),(826,10),(868,15),(1119,5),(1214,10),(1417,16)
1907	549	100	4	(90,18),(176,20),(192,20),(282,16)
1910	550	88	10	(72,14),(114,9),(117,18),(201,9),(275,16),(304,13),(347,5),(372,8),(393,10),(394,5)
1914	551	26	2	(1,16),(18,18)
1917	552	281	2	(101,13),(144,14)
1917	553	263	6	(256,14),(305,19),(381,16),(566,6),(776,15),(1032,12)
1924	554	21	3	(19,19),(25,14),(29,18)
1931	555	50	6	(44,17),(72,10),(75,7),(124,20),(125,8),(125,19)
1933	556	108	1	(34,12)
1935	557	75	3	(53,10),(105,7),(148,17)
1938	558	13	10	(0,14),(0,6),(8,5),(17,16),(26,9),(26,8),(27,10),(31,16),(33,16),(46,20)
1945	559	198	1	(28,18)
1949	560	105	1	(24,7)
1954	561	55	3	(28,6),(67,16),(112,12)
1955	562	88	4	(54,13),(80,14),(113,17),(149,13)
1958	563	275	10	(171,7),(232,7),(394,20),(527,20),(608,5),(757,17),(758,19),(942,16),(1085,5),(1170,11)
1962	564	277	0	
1967	565	258	6	(153,17),(249,7),(268,18),(429,13),(437,8),(694,5)
1974	566	244	6	(109,16),(270,15),(295,7),(418,7),(579,20),(634,9)
1980	567	277	4	(82,5),(218,12),(235,17),(476,19)
1983	568	51	9	(14,12),(17,9),(44,16),(52,13),(78,19),(121,11),(146,7),(175,11),(186,17)
1985	569	124	0	
1986	570	115	6	(45,7),(113,8),(148,12),(212,5),(227,9),(302,10)
1986	571	287	8	(105,6),(301,15),(442,18),(720,16),(935,15),(1088,20),(1346,10),(1485,16)
1991	572	294	8	(37,16),(182,20),(460,15),(569,10),(642,5),(817,16),(877,18),(1158,20)
1998	573	21	0	
2001	574	26	9	(7,5),(16,8),(19,5),(45,5),(61,9),(79,19),(94,10),(118,20),(141,17)
2006	575	57	9	(41,7),(85,11),(120,10),(163,6),(175,15),(197,15),(223,12),(258,10),(302,7)
2010	576	33	1	(19,8)
2014	577	232	9	(27,13),(208,18),(240,20),(258,11),(282,8),(492,16),(689,16),(837,13),(1017,20)
2017	578	285	2	(117,11),(385,20)
2017	579	234	8	(33,6),(46,20),(104,19),(311,14),(462,8),(650,6),(717,6),(726,19)
2020	580	174	0	
2026	581	33	6	(14,16),(29,19),(46,19),(55,20),(77,17),(89,10)
2031	582	239	10	(81,17),(148,9),(322,16),(520,9),(659,8),(843,10),(1036,11),(1120,19),(1289,20),(1435,8)
2034	583	128	0	
2038	584	36	1	(4,16)
2038	585	56	7	(23,8),(63,15),(64,5),(119,5),(169,13),(172,11),(212,19)
2038	586	262	5	(168,11),(226,6),(402,20),(491,14),(666,16)
2041	587	105	8	(104,19),(170,20),(175,15),(210,13),(224,16),(276,16),(319,6),(392,10)
2044	588	119	7	(46,10),(136,5),(184,5),(225,7),(339,18),(372,10),(404,10)
2048	589	14	0	
2051	590	242	5	(227,6),(391,12),(569,7),(584,8),(749,11)
2058	591	235	1	(66,15)
2065	592	203	0	
2070	593	247	1	(203,15)
2071	594	212	3	(1,11),(132,5),(278,15)
2078	595	100	8	(37,7),(122,7),(199,7),(232,13),(303,12),(315,6),(373,9),(403,17)
2083	596	145	6	(37,10),(60,10),(186,8),(263,9),(362,20),(397,19)
2090	597	238	8	(196,5),(371,20),(504,6),(732,7),(782,7),(815,19),(947,5),(1030,19)
2095	598	192	6	(111,6),(120,11),(208,15),(396,19),(449,6),(544,17)
2100	599	60	6	(47,8),(95,6),(123,13),(132,20),(187,17),(216,10)
2100	600	119	2	(92,12),(139,11)
2105	601	177	2	(44,11),(221,5)
2105	602	230	10	(64,11),(277,15),(388,6),(529,16),(577,14),(805,19),(990,20),(1145,13),(1329,10),(1391,8)
2105	603	284	6	(246,13),(365,16),(399,5),(575,6),(800,19),(874,11)
2112	604	124	4	(76,12),(108,17),(160,10),(228,17)
2114	605	58	5	(20,12),(37,10),(72,5),(115,20),(141,7)
2114	606	290	0	
2115	607	288	8	(110,9),(120,6),(168,17),(368,12),(626,6),(653,13),(891,19),(1122,10)
2118	608	212	3	(3,16),(133,13),(281,12)
2122	609	36	10	(17,19),(28,16),(56,13),(73,16),(106,20),(134,8),(166,9),(181,14),(186,18),(194,8)
2126	610	39	4	(20,7),(48,13),(59,9),(64,18)
2128	611	281	0	
2134	612	290	10	(242,7),(456,8),(700,19),(867,6),(924,8),(1080,10),(1354,10),(1380,7),(1536,17),(1538,19)
2135	613	78	9	(11,16),(34,17),(35,17),(51,6),(56,7),(133,11),(167,15),(227,14),(296,20)
2135	614	191	3	(101,6),(204,12),(230,16)
2141	615	50	9	(37,11),(62,10),(79,7),(98,20),(136,7),(183,10),(217,16),(266,5),(285,10)
2148	616	162	6	(28,14),(104,10),(122,13),(200,9),(232,6),(271,5)
2150	617	53	9	(44,5),(79,16),(129,20),(157,11),(195,13),(217,14),(264,8),(292,18),(309,6)
2156	618	251	10	(121,10),(320,16),(447,8),(541,20),(713,12),(851,10),(1031,11),(1179,13),(1243,10),(1462,16)
2161	619	89	4	(44,17),(70,19),(147,17),(160,11)
2168	620	110	3	(42,14),(87,9),(123,9)
2174	621	265	6	(233,8),(412,19),(645,8),(825,5),(827,6),(1081,13)
2180	622	290	5	(74,16),(296,20),(482,12),(653,13),(673,8)
2186	623	81	8	(31,13),(96,14),(170,8),(183,10),(248,19),(281,18),(286,13),(346,20)
2186	624	95	3	(31,13),(40,20),(105,17)
2188	625	258	7	(21,18),(205,12),(388,10),(595,12),(779,17),(853,16),(1100,14)
2193	626	286	6	(273,7),(330,9),(421,6),(554,12),(641,19),(804,20)
2195	627	11	8	(6,12),(11,18),(20,18),(26,9),(37,13),(41,19),(51,16),(61,9)
2198	628	13	9	(2,11),(13,12),(14,16),(24,9),(34,17),(46,6),(53,11),(61,18),(66,5)
2202	629	67	5	(2,15),(14,20),(54,8),(81,14),(137,19)
2209	630	59	1	(11,14)
2210	631	160	8	(59,12),(125,14),(233,18),(368,16),(396,11),(540,13),(631,11),(761,20)
2213	632	100	0	
2220	633	238	6	(204,5),(310,8),(532,17),(675,6),(687,12),(781,20)
2221	634	38	1	(29,11)
2222	635	287	6	(85,16),(122,6),(185,12),(431,6),(451,8),(484,13)
2223	636	14	9	(8,20),(18,17),(29,19),(29,9),(33,9),(33,5),(42,7),(55,8),(65,17)
2230	637	192	0	
2233	638	12	2	(12,14),(16,8)
2234	639	212	2	(114,10),(320,12)
2240	640	259	6	(64,8),(233,6),(361,6),(370,13),(577,11),(686,12)
2240	641	200	6	(199,8),(239,7),(383,15),(422,11),(431,20),(567,19)
2243	642	219	5	(215,6),(305,15),(417,9),(482,14),(526,13)
2245	643	264	1	(257,6)
2249	644	201	6	(66,8),(103,5),(157,20),(358,18),(427,20),(530,11)
2254	645	26	2	(6,5),(27,10)
2255	646	195	3	(160,9),(336,6),(410,19)
2258	647	233	5	(24,13),(249,16),(383,20),(535,8),(666,10)
2262	648	205	0	
2263	649	148	6	(47,11),(139,12),(272,11),(285,19),(296,6),(395,16)
2264	650	160	8	(64,11),(123,16),(227,13),(303,7),(304,12),(428,13),(497,13),(620,6)
168	585
341	685
516	374
679	12
722	625
780	593
822	447
894	656
1060	490
1234	37
1366	679
1492	633
1573	216
1642	355
1704	573
1802	93
2028	629
2097	499
2327	403
